nx=[2];
K=[1.9568370273 3.7453652824 ];
nbar=[2802.2265881225 ];


//^^params matched for cell25


//
nx = [2];
K = [1e2   1e2];
nbar = [120];



nbar=120?

