nx=[2];
K = [1.956837 3.745365 ];
nbar = [2802.226588];

//^^params matched for cell25


//
nx = [2];
K = [1e2   1e2];
nbar = [120];



nbar=120?

