nx=[2];
A=[0.997988 0.937321 -0.003937 0.876648 ];
B=[0.999322 0.478939 ];
C=[-0.000265 0.000177 ];
D=[0.000000 ];
//^^cell25

//cell97
nx=[2];
A=[0.998219 0.943612 -0.003494 0.888790 ];
B=[0.999400 0.481072 ];
C=[-0.000132 0.000134 ];
D=[0.000000 ];

//step max = 1
nx=[2];
A=[0.998219 0.943612 -0.003494 0.888790 ];
B=[31.185958 15.011702 ];
C=[-0.000132 0.000134 ];
D=[0.000000 ];

//old params below
3.4 nx = [2];
A = [0.9990 -0.1903 0.0095 0.9039]; 
B = [0 0.0095];
C = [1 0];
D = [0];



//note everything is read in column major
