nx=[2];
A=[0.9979881898 0.9373214782 -0.0039372746 0.8766479196 ];
B=[0.9993221309 0.4789386358 ];
C=[-0.0002647159 0.0001768932 ];
D=[0.0000000000 ];

//^^cell25

//cell97
nx=[2];
A=[0.9982186495 0.9436115927 -0.0034940753 0.8887901757 ];
B=[0.9994004493 0.4810723393 ];
C=[-0.0001324143 0.0001340165 ];
D=[0.0000000000 ];



//step max = 1
nx=[2];
A=[0.998219 0.943612 -0.003494 0.888790 ];
B=[31.185958 15.011702 ];
C=[-0.000132 0.000134 ];
D=[0.000000 ];

//old params below
3.4 nx = [2];
A = [0.9990 -0.1903 0.0095 0.9039]; 
B = [0 0.0095];
C = [1 0];
D = [0];



//note everything is read in column major
